SPACAR Student  version 14-May-2018 (0061/DP/C300/D120/E60/I12/O25).
(c) Structural Dynamics, Acoustics & ControlUniversity of Twente &
    Department of Engineering MechanicsDelft University of Technology

================================================================================
 Kinematic data

 PLBEAM 1 1 2  3  4
 PLBEAM 2 3 4  5  6
 PLBEAM 3 5 6  7  8
 PLBEAM 4 7 8  9  10
 PLBEAM 5 9 10 11 12
  
 X 1  0.    0.
 X 3  1.666 0.
 X 5  3.333 0.
 X 7  5.    0.
 X 9  6.666 0.
 X 11 10.00 0.
  
 FIX 1
 FIX 2
  
 DYNE 1 2 3
 DYNE 2 2 3
 DYNE 3 2 3
 DYNE 4 2 3
 DYNE 5 2 3
  
 END

 Elements used in this model:
    No  Type         Element nodes          Deformation parameters (with type)    Max.def.par.
   --- -------- ----------------------- ----------------------------------------------- -----
     1 Plbeam     1   2   3   4           1-O   6-M   7-M                                   3
     2 Plbeam     3   4   5   6           2-O   8-M   9-M                                   3
     3 Plbeam     5   6   7   8           3-O  10-M  11-M                                   3
     4 Plbeam     7   8   9  10           4-O  12-M  13-M                                   3
     5 Plbeam     9  10  11  12           5-O  14-M  15-M                                   3
   --- -------- ----------------------- ----------------------------------------------- -----

 Bending-linked elongation calculated for beam(s):   1   2   3   4   5

 Nodal point information
  Node   Pos.pars (with type)    Values
  ---- ----------------------- -----------------------------------------------
     1   1-O   2-O                 0.00000     0.00000                        
     2   3-O                       0.00000                                    
     3   4-C   5-C                 1.66600     0.00000                        
     4   6-C                       0.00000                                    
     5   7-C   8-C                 3.33300     0.00000                        
     6   9-C                       0.00000                                    
     7  10-C  11-C                 5.00000     0.00000                        
     8  12-C                       0.00000                                    
     9  13-C  14-C                 6.66600     0.00000                        
    10  15-C                       0.00000                                    
    11  16-C  17-C                10.00000     0.00000                        
    12  18-C                       0.00000                                    
  ---- ----------------------- -----------------------------------------------

 Degree of freedom information:
   DOF PosPar DefPar Type     
   --- ------ ------ ---------
     1             6 -Dynamic 
     2             7 -Dynamic 
     3             8 -Dynamic 
     4             9 -Dynamic 
     5            10 -Dynamic 
     6            11 -Dynamic 
     7            12 -Dynamic 
     8            13 -Dynamic 
     9            14 -Dynamic 
    10            15 -Dynamic 
   --- ------ ------ ---------
 Condition number of Dcc:  0.5812E+02

 Zero order transfer function position parameters
  0.00000E+00  0.00000E+00  0.00000E+00  1.66600E+00  0.00000E+00  0.00000E+00
  3.33300E+00  0.00000E+00  0.00000E+00  5.00000E+00  0.00000E+00  0.00000E+00
  6.66600E+00  0.00000E+00  0.00000E+00  1.00000E+01  0.00000E+00  0.00000E+00


 Zero order transfer function deformation parameters
  0.00000E+00  0.00000E+00  0.00000E+00  0.00000E+00  0.00000E+00  0.00000E+00
  0.00000E+00  0.00000E+00  0.00000E+00  0.00000E+00  0.00000E+00  0.00000E+00
  0.00000E+00  0.00000E+00  0.00000E+00
================================================================================
 Dynamic data

 HALT
  
 EM 1 1.
 EM 2 1.
 EM 3 1.
 EM 4 1.
 EM 5 1.
  
 ESTIFF 1 0.0 102.0
 ESTIFF 2 0.0 102.0
 ESTIFF 3 0.0 102.0
 ESTIFF 4 0.0 102.0
 ESTIFF 5 0.0 102.0
  
 XF 11 0.0 -14
 % XF 11 0.0 0.0
 % XF 11 -1.0 0.0
 END

 NEO =    5, NEMM =    5, NEM =   15, NEC =   15.

 NXO =    3, NXC =   18, NXMM =   18, NXM =   18.
 WITHOUT EULER ELEMENTS, ACCORDING TO THE GRAPHICAL USER INTERFACE
 NX  =   18, NEO  =    5, NXO =    3, NDOF=   10.
 GRAVITY:   0.00000E+00  0.00000E+00  0.00000E+00

 Element data (showing only non-zero values):
    No Type     (K) Stiffness, (D) Damping, (M) Element mass, (S) Pre-stress
   --- -------- -------------------------------------------------------------
     1 Plbeam   K    0              0.22058E+02    0              0          
                M    0.10000E+01
     2 Plbeam   K    0              0.22019E+02    0              0          
                M    0.10000E+01
     3 Plbeam   K    0              0.22019E+02    0              0          
                M    0.10000E+01
     4 Plbeam   K    0              0.22058E+02    0              0          
                M    0.10000E+01
     5 Plbeam   K    0              0.27523E+01    0              0          
                M    0.10000E+01
   --- -------- -------------------------------------------------------------

 Nodal point forces
  Node  Pos.par / value pairs
  ---- ------------------------------------------------------------------------
     1   1:  0             2:  0                                              
     2   3:  0                                                                
     3   4:  0             5:  0                                              
     4   6:  0                                                                
     5   7:  0             8:  0                                              
     6   9:  0                                                                
     7  10:  0            11:  0                                              
     8  12:  0                                                                
     9  13:  0            14:  0                                              
    10  15:  0                                                                
    11  16:  0            17: -0.14000E+02                                    
    12  18:  0                                                                
  ---- ------------------------------------------------------------------------

 Nodal point mass
  Node  Value 1           2           3           4           5           6   
  ---- -----------------------------------------------------------------------
     1  0           0           0           0           0           0         
     2  0           0           0           0           0           0         
     3  0           0           0           0           0           0         
     4  0           0           0           0           0           0         
     5  0           0           0           0           0           0         
     6  0           0           0           0           0           0         
     7  0           0           0           0           0           0         
     8  0           0           0           0           0           0         
     9  0           0           0           0           0           0         
    10  0           0           0           0           0           0         
    11  0           0           0           0           0           0         
    12  0           0           0           0           0           0         
  ---- -----------------------------------------------------------------------

 Nodal point gyro
  Node  Value 1           2           3           4           5   
  ---- -----------------------------------------------------------
     1  0           0           0           0           0         
     2  0           0           0           0           0         
     3  0           0           0           0           0         
     4  0           0           0           0           0         
     5  0           0           0           0           0         
     6  0           0           0           0           0         
     7  0           0           0           0           0         
     8  0           0           0           0           0         
     9  0           0           0           0           0         
    10  0           0           0           0           0         
    11  0           0           0           0           0         
    12  0           0           0           0           0         
  ---- -----------------------------------------------------------

 Total mass of the system =   0.1000000E+02
================================================================================

 Zero order transfer function position parameters
  0.00000E+00  0.00000E+00  0.00000E+00  1.66600E+00  0.00000E+00  0.00000E+00
  3.33300E+00  0.00000E+00  0.00000E+00  5.00000E+00  0.00000E+00  0.00000E+00
  6.66600E+00  0.00000E+00  0.00000E+00  1.00000E+01  0.00000E+00  0.00000E+00


 Zero order transfer function deformation parameters
  0.00000E+00  0.00000E+00  0.00000E+00  0.00000E+00  0.00000E+00  0.00000E+00
  0.00000E+00  0.00000E+00  0.00000E+00  0.00000E+00  0.00000E+00  0.00000E+00
  0.00000E+00  0.00000E+00  0.00000E+00
================================================================================
 Finding steady solution in STATIO:
 Iteration number    1, error:   9.99999843E-01
 Iteration number    2, error:   6.17486284E-01
 Iteration number    3, error:   1.04455038E-01
 Iteration number    4, error:   1.25778216E-02
 Iteration number    5, error:   4.15281970E-04
 Iteration number    6, error:   1.87281249E-07
 Convergence OK (<  0.50E-06).
 Iteration number    1, error:   2.19728903E-01
 Iteration number    2, error:   2.40936090E-02
 Iteration number    3, error:   4.59249782E-03
 Iteration number    4, error:   3.45757742E-06
 Iteration number    5, error:   2.12666163E-11
 Convergence OK (<  0.50E-06).
 Iteration number    1, error:   1.32070949E-01
 Iteration number    2, error:   1.47517326E-02
 Iteration number    3, error:   1.63212113E-03
 Iteration number    4, error:   8.74066371E-07
 Iteration number    5, error:   9.15615778E-12
 Convergence OK (<  0.50E-06).
 Iteration number    1, error:   1.04072519E-01
 Iteration number    2, error:   9.90024624E-03
 Iteration number    3, error:   7.32850212E-04
 Iteration number    4, error:   2.87030794E-07
 Convergence OK (<  0.50E-06).
================================================================================

 Zero order transfer function position parameters
  0.00000E+00  0.00000E+00  0.00000E+00  1.50328E+00 -6.32066E-01 -7.27204E-01
  2.48012E+00 -1.97010E+00 -1.11415E+00  3.03947E+00 -3.53732E+00 -1.32031E+00
  3.35522E+00 -5.17230E+00 -1.42773E+00  3.68079E+00 -8.48970E+00 -1.49395E+00


 Zero order transfer function deformation parameters
  0.00000E+00  0.00000E+00  0.00000E+00  0.00000E+00  0.00000E+00  6.45729E-01
  5.38572E-01  3.52352E-01  2.88552E-01  1.89348E-01  1.53682E-01  9.94300E-02
  7.94573E-02  1.50757E-01  6.99318E-02

 MATRICES OF THE LINEARIZED EQUATIONS OF MOTION



 SYSTEM MASSMATRIX M0

  1.23449E+02  9.43767E+01  9.03665E+01  6.12318E+01  6.04432E+01  3.57366E+01  3.55675E+01  1.64822E+01  7.19586E+00 -1.37000E+00
  9.43767E+01  7.63046E+01  7.30937E+01  5.15367E+01  5.08011E+01  3.08455E+01  3.06511E+01  1.44697E+01  6.32452E+00 -1.19544E+00
  9.03665E+01  7.30937E+01  7.00576E+01  4.94682E+01  4.87505E+01  2.96200E+01  2.94327E+01  1.39034E+01  6.07731E+00 -1.14825E+00
  6.12318E+01  5.15367E+01  4.94682E+01  3.66069E+01  3.60854E+01  2.27885E+01  2.26054E+01  1.10098E+01  4.82282E+00 -8.96829E-01
  6.04432E+01  5.08011E+01  4.87505E+01  3.60854E+01  3.56055E+01  2.25258E+01  2.23331E+01  1.08798E+01  4.76598E+00 -8.86069E-01
  3.57366E+01  3.08455E+01  2.96200E+01  2.27885E+01  2.25258E+01  1.51513E+01  1.50305E+01  7.73975E+00  3.40380E+00 -6.13424E-01
  3.55675E+01  3.06511E+01  2.94327E+01  2.26054E+01  2.23331E+01  1.50305E+01  1.49426E+01  7.72743E+00  3.39318E+00 -6.11443E-01
  1.64822E+01  1.44697E+01  1.39034E+01  1.10098E+01  1.08798E+01  7.73975E+00  7.72743E+00  4.47952E+00  2.00611E+00 -3.34079E-01
  7.19586E+00  6.32452E+00  6.07731E+00  4.82282E+00  4.76598E+00  3.40380E+00  3.39318E+00  2.00611E+00  9.22369E-01 -1.42995E-01
 -1.37000E+00 -1.19544E+00 -1.14825E+00 -8.96829E-01 -8.86069E-01 -6.13424E-01 -6.11443E-01 -3.34079E-01 -1.42995E-01  3.17578E-02

 INERTIA FORCE/VELOCITY SENSITIVITYMATRIX C0

  0.00000E+00  0.00000E+00  0.00000E+00  0.00000E+00  0.00000E+00  0.00000E+00  0.00000E+00  0.00000E+00  0.00000E+00  0.00000E+00
  0.00000E+00  0.00000E+00  0.00000E+00  0.00000E+00  0.00000E+00  0.00000E+00  0.00000E+00  0.00000E+00  0.00000E+00  0.00000E+00
  0.00000E+00  0.00000E+00  0.00000E+00  0.00000E+00  0.00000E+00  0.00000E+00  0.00000E+00  0.00000E+00  0.00000E+00  0.00000E+00
  0.00000E+00  0.00000E+00  0.00000E+00  0.00000E+00  0.00000E+00  0.00000E+00  0.00000E+00  0.00000E+00  0.00000E+00  0.00000E+00
  0.00000E+00  0.00000E+00  0.00000E+00  0.00000E+00  0.00000E+00  0.00000E+00  0.00000E+00  0.00000E+00  0.00000E+00  0.00000E+00
  0.00000E+00  0.00000E+00  0.00000E+00  0.00000E+00  0.00000E+00  0.00000E+00  0.00000E+00  0.00000E+00  0.00000E+00  0.00000E+00
  0.00000E+00  0.00000E+00  0.00000E+00  0.00000E+00  0.00000E+00  0.00000E+00  0.00000E+00  0.00000E+00  0.00000E+00  0.00000E+00
  0.00000E+00  0.00000E+00  0.00000E+00  0.00000E+00  0.00000E+00  0.00000E+00  0.00000E+00  0.00000E+00  0.00000E+00  0.00000E+00
  0.00000E+00  0.00000E+00  0.00000E+00  0.00000E+00  0.00000E+00  0.00000E+00  0.00000E+00  0.00000E+00  0.00000E+00  0.00000E+00
  0.00000E+00  0.00000E+00  0.00000E+00  0.00000E+00  0.00000E+00  0.00000E+00  0.00000E+00  0.00000E+00  0.00000E+00  0.00000E+00

 SYSTEM DAMPING MATRIX D0

  0.00000E+00  0.00000E+00  0.00000E+00  0.00000E+00  0.00000E+00  0.00000E+00  0.00000E+00  0.00000E+00  0.00000E+00  0.00000E+00
  0.00000E+00  0.00000E+00  0.00000E+00  0.00000E+00  0.00000E+00  0.00000E+00  0.00000E+00  0.00000E+00  0.00000E+00  0.00000E+00
  0.00000E+00  0.00000E+00  0.00000E+00  0.00000E+00  0.00000E+00  0.00000E+00  0.00000E+00  0.00000E+00  0.00000E+00  0.00000E+00
  0.00000E+00  0.00000E+00  0.00000E+00  0.00000E+00  0.00000E+00  0.00000E+00  0.00000E+00  0.00000E+00  0.00000E+00  0.00000E+00
  0.00000E+00  0.00000E+00  0.00000E+00  0.00000E+00  0.00000E+00  0.00000E+00  0.00000E+00  0.00000E+00  0.00000E+00  0.00000E+00
  0.00000E+00  0.00000E+00  0.00000E+00  0.00000E+00  0.00000E+00  0.00000E+00  0.00000E+00  0.00000E+00  0.00000E+00  0.00000E+00
  0.00000E+00  0.00000E+00  0.00000E+00  0.00000E+00  0.00000E+00  0.00000E+00  0.00000E+00  0.00000E+00  0.00000E+00  0.00000E+00
  0.00000E+00  0.00000E+00  0.00000E+00  0.00000E+00  0.00000E+00  0.00000E+00  0.00000E+00  0.00000E+00  0.00000E+00  0.00000E+00
  0.00000E+00  0.00000E+00  0.00000E+00  0.00000E+00  0.00000E+00  0.00000E+00  0.00000E+00  0.00000E+00  0.00000E+00  0.00000E+00
  0.00000E+00  0.00000E+00  0.00000E+00  0.00000E+00  0.00000E+00  0.00000E+00  0.00000E+00  0.00000E+00  0.00000E+00  0.00000E+00

 SYSTEM STIFFNESSMATRIX K0

  8.82338E+01 -4.41169E+01  0.00000E+00  0.00000E+00  0.00000E+00  0.00000E+00  0.00000E+00  0.00000E+00  0.00000E+00  0.00000E+00
 -4.41169E+01  8.82338E+01  0.00000E+00  0.00000E+00  0.00000E+00  0.00000E+00  0.00000E+00  0.00000E+00  0.00000E+00  0.00000E+00
  0.00000E+00  0.00000E+00  8.80751E+01 -4.40376E+01  0.00000E+00  0.00000E+00  0.00000E+00  0.00000E+00  0.00000E+00  0.00000E+00
  0.00000E+00  0.00000E+00 -4.40376E+01  8.80751E+01  0.00000E+00  0.00000E+00  0.00000E+00  0.00000E+00  0.00000E+00  0.00000E+00
  0.00000E+00  0.00000E+00  0.00000E+00  0.00000E+00  8.80751E+01 -4.40376E+01  0.00000E+00  0.00000E+00  0.00000E+00  0.00000E+00
  0.00000E+00  0.00000E+00  0.00000E+00  0.00000E+00 -4.40376E+01  8.80751E+01  0.00000E+00  0.00000E+00  0.00000E+00  0.00000E+00
  0.00000E+00  0.00000E+00  0.00000E+00  0.00000E+00  0.00000E+00  0.00000E+00  8.82338E+01 -4.41169E+01  0.00000E+00  0.00000E+00
  0.00000E+00  0.00000E+00  0.00000E+00  0.00000E+00  0.00000E+00  0.00000E+00 -4.41169E+01  8.82338E+01  0.00000E+00  0.00000E+00
  0.00000E+00  0.00000E+00  0.00000E+00  0.00000E+00  0.00000E+00  0.00000E+00  0.00000E+00  0.00000E+00  1.10094E+01 -5.50470E+00
  0.00000E+00  0.00000E+00  0.00000E+00  0.00000E+00  0.00000E+00  0.00000E+00  0.00000E+00  0.00000E+00 -5.50470E+00  1.10094E+01

 DYNAMIC STIFFNESSMATRIX N0

 -3.03723E-11  3.12861E-11  4.53297E-12  6.17776E-12  9.50079E-12  4.87853E-12  7.42298E-12  3.18834E-12  1.08020E-12 -6.55738E-13
 -3.17286E-11  1.88564E-11 -2.73019E-12 -3.43831E-13  2.61954E-12  9.46610E-13  3.68860E-12  1.11839E-12  4.53203E-13 -4.43658E-13
 -3.02610E-11  1.80905E-11 -2.57388E-12 -2.99323E-13  2.54209E-12  9.21703E-13  3.55209E-12  1.07891E-12  4.35278E-13 -4.28564E-13
 -2.39523E-11  9.87083E-12 -4.63317E-12 -2.68267E-12 -5.23816E-13 -8.01399E-13  1.46374E-12  4.46870E-14  7.57546E-14 -3.16245E-13
 -2.34849E-11  9.83131E-12 -4.46412E-12 -2.56685E-12 -4.43394E-13 -7.49394E-13  1.48060E-12  6.42252E-14  7.99019E-14 -3.15244E-13
 -1.50880E-11  4.83016E-12 -3.80079E-12 -2.58567E-12 -1.24420E-12 -1.16265E-12  4.32907E-13 -3.36550E-13 -1.07714E-13 -2.63384E-13
 -1.49257E-11  4.86950E-12 -3.70834E-12 -2.50969E-12 -1.17935E-12 -1.12579E-12  4.53553E-13 -3.21420E-13 -1.03722E-13 -2.64197E-13
 -7.26115E-12  1.90965E-12 -2.11517E-12 -1.55392E-12 -9.08679E-13 -8.47284E-13 -1.59069E-14 -3.78969E-13 -1.95990E-13 -2.45079E-13
 -3.35435E-12  6.52013E-13 -1.10073E-12 -8.54923E-13 -5.70998E-13 -5.44075E-13 -1.77863E-13 -3.37794E-13 -1.01985E-13 -1.21556E-13
  3.27015E-13 -4.33123E-13 -9.08400E-14 -1.36985E-13 -1.87622E-13 -1.94232E-13 -2.59900E-13 -2.31875E-13 -1.27085E-13 -1.22778E-13

 GEOMETRIC NON-LINEAR STIFFNESSMATRIX G0

  4.26904E+01  4.60140E+01  4.41451E+01  3.63606E+01  3.59403E+01  2.72471E+01  2.71632E+01  1.81871E+01  9.08585E+00  3.83216E-03
  4.60140E+01  4.05038E+01  4.30033E+01  3.54202E+01  3.50108E+01  2.65424E+01  2.64606E+01  1.77168E+01  8.85086E+00  3.73304E-03
  4.41451E+01  4.30033E+01  4.02031E+01  3.44987E+01  3.38764E+01  2.56824E+01  2.56033E+01  1.71427E+01  8.56409E+00  3.61209E-03
  3.63606E+01  3.54202E+01  3.44987E+01  3.36687E+01  3.36185E+01  2.54869E+01  2.54084E+01  1.70122E+01  8.49888E+00  3.58459E-03
  3.59403E+01  3.50108E+01  3.38764E+01  3.36185E+01  3.37325E+01  2.55293E+01  2.51878E+01  1.68646E+01  8.42512E+00  3.55348E-03
  2.72471E+01  2.65424E+01  2.56824E+01  2.54869E+01  2.55293E+01  2.59168E+01  2.51318E+01  1.68271E+01  8.40639E+00  3.54558E-03
  2.71632E+01  2.64606E+01  2.56033E+01  2.54084E+01  2.51878E+01  2.51318E+01  2.60058E+01  1.70704E+01  8.39057E+00  3.53891E-03
  1.81871E+01  1.77168E+01  1.71427E+01  1.70122E+01  1.68646E+01  1.68271E+01  1.70704E+01  1.77928E+01  8.38516E+00  3.53662E-03
  9.08585E+00  8.85086E+00  8.56409E+00  8.49888E+00  8.42512E+00  8.40639E+00  8.39057E+00  8.38516E+00  4.73096E+00  1.41070E-01
  3.83216E-03  3.73304E-03  3.61209E-03  3.58459E-03  3.55348E-03  3.54558E-03  3.53891E-03  3.53662E-03  1.41070E-01  5.57211E-01
 Load multipliers and normalized buckling modes
 Load multiplier no    1 to    4
   2.87355271E+01   3.00638866E+01  -2.06592725E+03  -1.13499204E+02
 Buckling mode nro    1 to    4
     0.5932521562    -0.3632796418    -0.0401208569    -0.0360837501
     0.2378829723     0.8315184646    -0.0411012272    -0.0367269576
    -0.7201382138    -0.3944011441     0.0258908010     0.0134871809
    -0.2580186843    -0.1378577374     0.7271153982     0.2765839866
     0.0748355435     0.0428078927    -0.6612813003    -0.1915558747
     0.0262502487     0.0146653341     0.1189778435    -0.5349797732
     0.0011309577     0.0005487887    -0.1221561640     0.5620652980
     0.0003972346     0.0001883622     0.0071771370    -0.2775897340
     0.0001056114     0.0000487139    -0.0292425375     0.4190504161
     0.0000059132     0.0000023306     0.0075112566    -0.1708647600
 Load multiplier no    5 to    8
  -4.75387609E+01  -2.44805027E+01  -1.42662813E+01  -6.01797458E+00
 Buckling mode nro    5 to    8
     0.0388436930     0.0788185219     0.1026192747     0.1199739277
     0.0393027048     0.0793156863     0.1028294632     0.1195976243
    -0.0065801489     0.0032056719     0.0240169497     0.0631836284
    -0.1668455960    -0.1953922930    -0.1447123058    -0.0321581609
     0.0065506765    -0.1574370144    -0.2467413801    -0.1907101833
     0.2993352755     0.1283539786    -0.1193888062    -0.2289671106
    -0.1570622789     0.2117019861     0.2072665753    -0.1480888407
    -0.3946442649    -0.0616606175     0.2699552022    -0.0392955292
     0.6581960144    -0.2621232911    -0.3312640891     0.7115759224
    -0.5155449024     0.8892236492    -0.8103522591     0.5896314937
 Load multiplier no    9 to   10
  -1.84881245E+00  -1.76067331E-01
 Buckling mode nro    9 to   10
    -0.1651983163     0.3538007081
    -0.1640803863     0.3507925324
    -0.1299223782     0.3299829527
    -0.0851086311     0.3195994500
     0.0250142259     0.2886974354
     0.0862680274     0.2705169154
     0.1864938825     0.2268821389
     0.2185370883     0.2026023193
     0.7893673566     0.4816964103
     0.4560227022     0.2442475250
 TIME=  0.00000E+00
 COMPLIANCES
  0.00000E+00  0.00000E+00  0.00000E+00  2.66097E-03  1.00726E-02  1.21015E-02  3.14276E-02  3.33714E-02  1.36264E-02  9.68979E-02
  4.90937E-02  1.38353E-02  1.90620E-01  5.68486E-02  1.45084E-02  4.85931E-01  6.33110E-02  2.65334E-02
================================================================================
 Time =       0.00000000  total FE          0  delta fe     0
================================================================================
